0.7077346201805531 0.791722040811603
0.23269270599133363 0.49679085692088565
0.43225891591877597 0.455230691130615
0.7560674466246735 0.4814991057747555
0.5947788881898431 0.7946178649463783
0.9349959155542614 0.27547221632753094
0.4864389566333406 0.5115930830666124
0.5266297173225116 0.8692783081094939
0.3625957497962764 0.024495231228242154
0.9273952957797476 0.2975165617880876
0.030848330725517292 0.8493671905622847
0.5662196723706376 0.009318491165191678
0.45946922952862623 0.5096129127657449
0.19326516716034925 0.5358275699921891
0.06355611220108337 0.18381376573174812
0.654799453752551 0.6532794254898153
0.7299186606977397 0.7409877817642899
0.7258309382800856 0.9702882463398784
0.3010323832669939 0.16289116105652957
0.7238576209890379 0.6116265418741741
0.6190784528400161 0.5566531537997986
0.8712206167448607 0.734486108268165
0.9925824290785172 0.8507808838947243
0.5954892741941151 0.19076879693670257
0.4527957519155793 0.5737682539017916
0.6686948186871993 0.588101559020554
0.9405604425410764 0.4252492418085758
0.3854845182992047 0.02947604049659236
0.6804172624374063 0.4804749963493874
0.06355706845280373 0.8024613047161041
0.6677130645428354 0.2759918862851273
0.6931249099040929 0.057356789742126546
0.6736188576737575 0.2993333405590066
0.5623051946126782 0.9420669415846298
0.9949316739624563 0.24704703870818767
0.09754060860899105 0.6190060099474338
0.39189306808907687 0.6205427572924871
0.370533177486708 0.6778846085376129
0.7531759928363645 0.9929329281352893
0.23074222714432435 0.40258287463944775
0.19464212958617622 0.7444584749086078
0.9358542177502087 0.990437751966512
0.5319233438299218 0.8073714446645022
0.3282834306551058 0.9502501282253053
0.9492130221917188 0.732271927671499
0.2047892863791504 0.7351751169043006
0.8021587647262663 0.5857663926033673
0.05633117739926885 0.10595872277808438
0.004190365417357289 0.6775824903904855
0.0930871779252187 0.297585739251199
0.7050827146613309 0.4027877595392064
0.5236019710820146 0.31033729175433133
0.3542931576443601 0.9076217937973152
0.7459645825738552 0.1780175829565066
0.24611124099099102 0.5627406619932245
0.3307683033252419 0.7075967286798354
0.5995824593345004 0.7705725563040123
0.8892565120123227 0.7596758471579971
0.1678512787748928 0.03479603223973515
0.11383759620131106 0.3571770634475526
0.027721962737055073 0.8157296480935056
0.7585840531779472 0.5653364286714861
0.2590624907579565 0.940307414646132
0.9718193286444614 0.9877489830428214
0.21296889442013145 0.812990078484382
0.6096002526098476 0.7773180210935201
0.7737898347082979 0.8339072461802816
0.5340430812466233 0.9190007309956982
0.4322260904536792 0.5945361324078002
0.3742864213871493 0.8177479649226731
0.41399967915621494 0.8809612721448496
0.012520589898201373 0.7921181004435002
0.13368347544581283 0.6303367669968206
0.28542580371882165 0.08653415788783525
0.6903096968793186 0.9969362910426695
0.910195164640618 0.24971616179466494
0.3438355334001638 0.20530380730386544
0.3568665184238632 0.08185365081081153
0.8459215635279241 0.261698151920013
0.6235415337647882 0.3461968726708282
0.5544008889039724 0.7250285361378364
0.9241869904691811 0.38396916450951923
0.9265145551187092 0.946698650048976
0.20141054811942438 0.5930763310766273
0.6241648721327873 0.8201758924827186
0.060675289396029175 0.0041775404962817175
0.557674900023462 0.7066917410779514
0.9122614359600898 0.7484149372715007
0.7021464746203075 0.4043375781398256
0.041799564436122205 0.4426171481865807
0.8003616296246858 0.6634693769490129
0.5386663531092346 0.4757862717779475
0.19364768531448573 0.4079914032071823
0.048210394554798586 0.4672247167993283
0.24156213198431165 0.9088531703966012
0.2173654688915777 0.5785822080839045
0.12248085042836776 0.620963799261024
0.46966726699386585 0.8588301741202398
0.7847741901318603 0.6594619575614182
0.384697889135573 0.06904075116971875
0.3835255814338493 0.07056002207152301
0.42638557951411893 0.3911785307613015
0.5932013052360172 0.08288103061090624
0.14989851692703926 0.6558973974912397
0.7550008959218693 0.948002067078785
0.6883381839525938 0.2771701534929313
0.9501894087597016 0.6576662204929571
0.8888148783157934 0.25244116795304816
0.358730140960579 0.27800210041537177
0.6001282358319956 0.1589538408471023
0.4507217562374768 0.5687888142581711
0.859191977584509 0.8776877797872302
0.3716440049443446 0.981495980018661
0.18719298417327623 0.36768847290646944
0.0015544501492450458 0.7246205204666131
0.19425269613479623 0.3516786083544251
0.05703614496039533 0.18245402239369768
0.15493759034755783 0.7702784290953121
0.760964003501323 0.08539078801950228
0.9510900158521566 0.028801001039519658
0.2606000791308899 0.89747406429623
0.3659375433629751 0.9272474489133803
0.6391531933414479 0.030126090597059396
0.6822016127551452 0.33319767183224624
0.5487086524044196 0.44202512830965757
0.8076622428292697 0.3652682413805626
0.7712331642632686 0.42191131775710267
0.6214007026952886 0.5127505132659365
0.030149899110168743 0.9090237759720803
0.9988103703260177 0.8487580246145251
0.1050118431688899 0.1356492917463593
0.9870385272068143 0.15095086152269854
0.1202535481900956 0.32009509253095014
0.0995476999265712 0.7734507345111069
0.8516235884387595 0.5204327540598224
0.9647076025972608 0.13524262484562788
0.44594731614948335 0.1474548336461321
0.1394802343206708 0.33909684982113864
0.8836368109094735 0.810817982645888
0.49080334312114127 0.19439744592440011
0.6207754566439466 0.7156761493662034
0.844278324173663 0.593532966675329
0.18630009317470075 0.34561784098757053
0.37480425481462354 0.4750408732267545
0.21956565393838434 0.8488739066721945
0.07188989603022933 0.5082567671499042
0.4483247770672767 0.7539147530443966
0.7013520288309883 0.8601370002149563
0.3101823250528778 0.5468379914643887
0.8373721475363014 0.20311732437174546
0.7427360389791495 0.7257783786458436
0.34473616169367216 0.7610585231356458
0.8615038349220209 0.9427901861781118
0.17607284717808114 0.02860147463394158
0.1474891062224607 0.3592640732082403
0.8362613235314578 0.39359799744887414
0.7263953496579997 0.10433872167115865
0.9839083732772359 0.7623716893760871
0.346070131911984 0.5451889177156956
0.6393908649684358 0.8371782221746009
0.4969864185845356 0.29614113439161294
0.27620643631852226 0.9233695479915026
0.6598031600481062 0.7786349430545598
0.5228855424312906 0.513087904822095
0.7320918499819141 0.5767077517337226
0.06083082927309402 0.5733321671758463
0.5095839797208855 0.12554756751684348
0.3259436009454135 0.6804334394020873
0.9549216475700631 0.11526879927638967
0.5089582746972274 0.9917941087547234
0.9615559278413724 0.9349015579729993
0.2668758187860879 0.877000586240552
0.046264275837689994 0.9565655407242248
0.37837873441159375 0.8561527181517592
0.957276969527303 0.01817599095199174
0.672504427989968 0.7058471578340085
0.5694832193700546 0.3600165283278518
0.7190262320092315 0.6271713191316665
0.05381524818261141 0.9329826037085978
0.8482122733054491 0.30615070668783795
0.4895005632322441 0.2892035010939352
0.6239168963536675 0.8594190280897183
0.85844780027116 0.009105831460654024
0.03516989869168852 0.24477787083914693
0.10154274005086106 0.6576896037938098
0.40260409060674107 0.793387399148916
0.4931435361551565 0.5850298623475416
0.6250018840549302 0.76820660084382
0.3636345891840502 0.4747357944857734
0.8748843546304226 0.8892892168814943
0.735996089628321 0.5154868987306976
0.7800285322459386 0.8254995655487173
0.6532313275409604 0.609964059322003
0.6997627733546875 0.17522743257154993
0.021115720098910717 0.1864648723968685
0.7432302008662726 0.39668331554413405
0.2754915232909553 0.613818135850496
0.37280540555920383 0.5850789694766789
0.7554600124556275 0.8384258988494523
0.8636036353264874 0.6254696318268681
0.4990457848129375 0.06287352240322519
0.5034703575190573 0.8237554389525966
0.9603609664221192 0.8326821705330726
0.9466682493407161 0.8450459991899371
0.7789055203755748 0.934438993104379
0.36692219629351375 0.7908689540502073
0.7342825654958703 0.6730606852788132
0.01726595983148682 0.6209049549696872
0.8881317484090671 0.5856458417478005
0.7320757966216149 0.39872358121336304
0.8262872535637014 0.7915683596449165
0.615128928639121 0.4153319862504281
0.17659116717363776 0.4902217585298506
0.9604853171708444 0.3859687921572005
0.0761898858754706 0.7871281123582196
0.8162478536182182 0.27294162381106635
0.9096541796517802 0.15921882233793894
0.6756578962867281 0.7003218040631652
0.8747626426094021 0.5524404765349408
0.5517503226843193 0.6904886885437871
0.09437982644492349 0.9792241596325356
0.2552413532162433 0.9672849287226339
0.18236888256063555 0.5073497106566706
0.9363358158993407 0.5716405941887354
0.9474954228802042 0.8474978041331854
0.8940216583238756 0.04966038427777675
0.9544121421976081 0.5247044098593964
0.4355479543179068 0.22548064338805196
0.9334329909716137 0.5320203479104613
0.8687405157486711 0.41676849578579767
0.8804734513405783 0.4604407092298607
0.2744075538585593 0.5291786741753622
0.0004771384345306773 0.6505121632960189
0.18113883415317422 0.16167796091454278
0.24780459495045937 0.2065142780289333
0.028179056241778744 0.4844574374005569
0.7433798071960359 0.7069408911586786
0.22666493322477643 0.31028166468712337
0.5556944797524228 0.407257164975943
0.2118331494350707 0.7270485057205045
0.4077971616593946 0.6606350469691128
0.7749291330596838 0.6312848713764958
0.2947030710913022 0.6375051013628521
0.2191417410842319 0.864672723139224
0.8799967311586935 0.5436306697577631
0.5322793666861568 0.35434890058860835
0.01750592744959223 0.41576438270459415
0.8184329174280042 0.01736373698965621
0.48402578346081826 0.26819372788095286
0.2944017304659685 0.9550550183786922
0.2196503865052929 0.6435777610846117
0.28403176903308847 0.04508571111422344
0.9393371112056011 0.9676330562675546
0.4995346364809964 0.14065366818757719
0.5877945662441417 0.28608663761195074
0.8616352924640054 0.27668590863084164
0.4266261357421328 0.13772030181474548
0.4032895303653079 0.3280815864097878
0.6077806289816919 0.8668154828565987
0.8207190579636663 0.7174189209140023
0.194580340945268 0.3762970491746779
0.2247280355125001 0.8379759254197086
0.9143595440884842 0.26116160618541373
0.1967569857047664 0.47773413032827505
0.4124393452086528 0.7859888854889068
0.10590604008068782 0.8466749825769362
0.9184203127730943 0.41436431116814787
0.4727630199450469 0.9097821227548044
0.5654823277076773 0.5826019434338086
0.0518738639391364 0.2879355297168298
0.24182235947258124 0.7031942750237579
0.7796365485612903 0.3813332303500716
0.2359003398978916 0.69911073732841
0.429500402869177 0.6624805262782983
0.7552269921955689 0.9814378544581551
0.6822470820244235 0.9053711459378614
0.8771747435398519 0.9128203558865803
0.5548086599951453 0.8130978093421659
0.4894410755829186 0.27987023309347314
0.7895294177081613 0.8164399818243261
0.8196410889620365 0.46792393073864447
0.9646378339508775 0.3939111840233569
0.6970570863118865 0.6757481747419486
0.2724565284950219 0.6732124175990722
0.08027516987478367 0.26963166923182447
0.07162199104349887 0.643383055007707
0.04632654150078486 0.027503517543287836
0.010646330187579989 0.7721534152047881
0.15602408937541445 0.5686027414859801
0.6294599869668416 0.568812845429435
0.2847191886489001 0.4841031586043548
0.8966912555576272 0.4839028612957137
0.12496967571071071 0.39000796401656734
0.9927571686263714 0.22091007314977962
0.6068638732160866 0.8949104957697158
0.1785905870946669 0.921322493590402
0.8104508148043513 0.9075725771587853
0.20035496505501926 0.04196163716230805
0.20581009158019026 0.7162177284642163
0.9993758225591615 0.8522107381004184
0.4790296026453458 0.7887871952439995
0.44898587373558096 0.8696538685374461
0.13999038700203248 0.12479897821806873
0.2840281764740594 0.7124570391806733
0.21720765051812907 0.23646586442079665
0.42137535966226125 0.702810660649631
0.9610201506744888 0.3312435777163709
0.9581367271203505 0.99156856944231
0.1395671869591727 0.871324075057524
0.5707990553750287 0.5486863558545616
0.02509058774244244 0.829059504646057
0.7058112977982735 0.7078070835438136
0.1261586217835322 0.2462497305570417
0.4148613581484323 0.8375081671089735
0.24744210932785293 0.13299454777145014
0.6828240550048463 0.36589062283948226
0.60387331995725 0.5698544446490267
0.9483676013720046 0.9245228162203226
0.8065697511708881 0.5759383400789606
0.46729022178982094 0.7977137949357131
0.6187016718984492 0.024814077962549308
0.8680401937085632 0.9884511202768121
0.005902985042965714 0.034275432729587885
0.6592209899733829 0.703859426915045
0.9786347473661431 0.3565450588863732
0.9182230575519944 0.8001387055265876
0.35176308814230894 0.13912671507476382
0.06681608214557422 0.5824082649865161
0.6323882186134054 0.12598297740407993
0.42720379657826657 0.6334665417880442
0.8317334552911402 0.9008272601656014
0.5639913559769041 0.7018868354749189
0.46221777645510687 0.34761640051904674
0.19331604101390953 0.8083502770098305
0.4672149492976646 0.4688241678865057
0.9424964167388628 0.6514094510113217
0.8277776919810482 0.448554165523801
0.138475013790617 0.24420303539921318
0.20047356292525742 0.1845664681578627
0.2839426868136875 0.6330249166914942
0.11207805644817015 0.0847440036392646
0.7662678244176556 0.8172110404626294
0.7319088882404495 0.2835975669508617
0.7534578125302499 0.9991324446795624
0.7389120888710784 0.7277212778883749
0.2134882378725712 0.3508401726156305
0.9155980614632792 0.8199419630221151
0.7512628931769119 0.039554999579385575
0.7363862151882905 0.5101139267048173
0.06703691386247057 0.18264091618344402
0.7700906374738735 0.44161715139269697
0.8995071243546547 0.5889727109914538
0.830239458987919 0.9745037506963607
0.7315263123416772 0.7612204491079954
0.448255750657475 0.6156443982340813
0.6945427328668161 0.9471340912762203
0.6881654232280981 0.2979653209092824
0.7612297328573958 0.0167166471674427
0.25475999667564997 0.455416820560831
0.9399748567499506 0.6468471260810367
0.613279942741615 0.10936753620386619
0.7988581368282042 0.36613864233348026
0.9253042088720328 0.7980978736585247
0.047966760197944214 0.2163155192091638
0.8259772470318786 0.013511230582423983
0.5153349425420941 0.032505418338304226
0.8763236957270238 0.7713080747531345
0.8256278139084972 0.5048733611463658
0.3734689005018388 0.5667870011924118
0.9078905386358863 0.648345773771187
0.6828665178471335 0.5883765191576528
0.7345337221331307 0.377458027275582
0.6866910938556131 0.42988912288343806
0.6250297436246043 0.10016609081503103
0.5495800615533297 0.28151392458745716
0.09383215400370892 0.6434269305179682
0.8279767944284647 0.4785283828200583
0.41225172442599567 0.6569854228694736
0.569510983935359 0.9188312864952994
0.6827022193371428 0.5112119085508068
0.055541015842282326 0.6621300225263205
0.8885587200940648 0.9806137389560083
0.7960143609825132 0.3778865808852009
0.7924439843499093 0.4654215383912691
0.5277161135099647 0.11626577091737633
0.2654426102154014 0.16787577859258418
0.8459952000882301 0.042500217666771256
0.35215647858172694 0.6991221408954514
0.010068281485128172 0.22236947032248622
0.29963315191597895 0.5409281262608244
0.004715107006905805 0.4681402444567321
0.3161170192252438 0.11052390953918179
0.35303894437558014 0.4414033645465074
0.6231197998940523 0.8307182536232806
0.8580908995117448 0.6624022869291089
0.6897201740656297 0.4031975524007343
0.3670950546548124 0.8344387388717437
0.3332176150131423 0.7377161736475587
0.4520141683905795 0.24159549849704254
0.6682259889037749 0.008783730805219991
0.6841414248461024 0.5056740028276865
0.42586110335110183 0.8807111774366345
0.45879804867836527 0.5250899282389876
0.4690979019782665 0.9250835007212362
0.1958602994269405 0.3273747478074909
0.9445177509733786 0.39153788096171094
0.1412685022081922 0.9591528008965753
0.19704036268289937 0.5283938876750336
0.013151374352429857 0.5023110710306969
0.6218501214671395 0.6890946207767269
0.5190106919887674 0.0032366227911901913
0.9125500251964566 0.4612744126832714
0.4427216149008323 0.33872411093039567
0.0036518859235153966 0.7781658134248319
0.9714050537503544 0.22786075914685622
0.8848116587037171 0.12280060556985606
0.8014750563259517 0.8403072170168475
0.5705094573418521 0.38965381471801397
0.338099881599745 0.14822950626924514
0.8680163214685885 0.423777803431193
0.2129818221315587 0.701892047218922
0.9613825998256854 0.062328447751354266
0.2309602179292457 0.7605611747536107
0.8274993815080371 0.04193910596944339
0.45464336600179855 0.6218832099573633
0.7375296736113511 0.047318616524276824
0.09764236908313295 0.17156579673633865
0.869484164344297 0.6175355227506824
0.9175157031187476 0.16490991940439637
0.5882544873789998 0.5181973267768564
0.8641079167808119 0.5449651794705109
0.600787595395509 0.3379077138589761
0.5884633634131033 0.9406045498624227
0.860072635954887 0.07492056844876227
0.16946772784061037 0.4443002799379696
0.25425468972687393 0.14756886645719147
0.06083183662368297 0.0513454659465431
0.3881420094881096 0.9063822474919387
0.8705809105748079 0.19352369239518508
0.5148897860259086 0.19286007256196402
0.39808168715911374 0.9208830991653003
0.9894139579545892 0.5321840216115624
0.7988952080806284 0.06963529816553726
0.111454686491811 0.35192301817308225
0.6901915649369735 0.36158250840035044
0.9566191249585457 0.01979763245945232
0.09655240087884864 0.30259199114376856
0.7930006675294947 0.19637758354374202
0.005873882017329857 0.32349767269129803
0.8505792797239077 0.7772975900901881
0.8935507012341926 0.13195173792561432
0.21502045730446961 0.03769922300113637
0.6104681261328961 0.049797128938725344
0.6397914163251928 0.92157753180596
0.13427430722093758 0.33704411002474177
0.4473847273127781 0.9248640737279509
0.06234293964825177 0.10183189641641344
0.7141522562026787 0.8414209389342314
0.2834085990482289 0.801414156970827
0.2027901149545318 0.18371758833021945
0.755375324068691 0.6994677909605309
0.642668818190339 0.7997347990118583
0.17867034322557496 0.31940056688351315
0.4238317764958578 0.6270608964494708
0.9972964699901515 0.017489169318260167
0.5817286483061042 0.5760671186036694
0.5054282094470646 0.8652929207580243
0.29439207096494424 0.2276630436563275
0.1261190400494292 0.9142392375603224
0.8421638727550285 0.4808407029929188
0.25666836703431417 0.48181643084380277
0.9819023200119654 0.6838679533024223
0.9943345469705105 0.8825412823629946
0.5718862140814527 0.628315741747223
0.49392306733394176 0.06884241922203671
0.3650651060648513 0.946784889304378
0.7209696724785899 0.07398959601072219
0.578710678240363 0.6696317165723457
0.3385246860740555 0.9148778795646977
0.10306786043272986 0.2711064726076966
0.8520849755466811 0.8723038635872734
0.6853858929196832 0.3762644184506293
0.7750406820902193 0.7600889257429574
0.5861619979778171 0.3381242164033561
0.06898805660235963 0.9853515541795718
0.11844159242097296 0.7686799774187181
0.7198948450677827 0.6026023321189837
0.9640777560433827 0.9104750449899708
0.8567643173140322 0.8108032886347035
0.2910088738747859 0.7026278619322708
0.27054823336488065 0.7030093047418333
0.45420660998294915 0.9388279915298291
0.2888701985740445 0.6713920835206476
0.15607075749985533 0.28784936078596235
0.8235468306443798 0.3634430346135288
0.7652388875926939 0.8876304208011524
0.7844316759125006 0.83385238590765
0.33890685110448204 0.6924908082574719
0.6283617537107319 0.8229521735446707
0.12201296255755945 0.39037755681750785
0.03905522037304432 0.7814451224344687
0.02650532475277756 0.8775283287065709
0.5597948086528689 0.554989678395541
0.8942713314448388 0.40190286751252946
0.2199581671579961 0.6847243926354493
0.17852646933658467 0.22820170628888548
0.0021910698951704832 0.13822897459276828
0.9569509929123879 0.5218526265761851
0.06053320407198315 0.9003609106266783
0.47950484003737537 0.17666368706289015
0.41136898448938664 0.7766043896352448
0.32518318367561505 0.9969180664513254
0.3400225550734389 0.6185192524707198
0.26749467333045485 0.3413443223308974
0.14059213775852442 0.24984493426164922
0.3855753908253874 0.41464760227696185
0.9416740868840511 0.7278878995187392
0.8204853479138419 0.9578808561680028
0.8303844252455854 0.43583258206070996
0.7752201796978713 0.9402679160186066
0.48241933874354714 0.8761834589032738
0.717084975632338 0.3654341477183848
0.39347089529650114 0.4216444249531859
0.050536974043528304 0.14911292211204308
0.019161922285870325 0.8915630990945949
0.8239110077575633 0.8245965995164458
0.45441518983414453 0.8208701177890426
0.9957500393125241 0.6708609055306085
0.04020226786165848 0.3411179531577607
0.5718444383235152 0.6081459334419954
0.8037603865013305 0.5768180199862568
0.645810806690753 0.634503295137992
0.9619353473589424 0.056471514948173596
0.4142533183385515 0.145817488110783
0.6154794370605129 0.9065705238296246
0.6935957585050045 0.5791972426838741
0.236555220849768 0.9381145902283098
0.2846179035321318 0.5057130367627783
0.39896056608024644 0.9581257639492115
0.24611402759821477 0.8397060213319184
0.6823468514412194 0.7653644995654285
0.7891359622679099 0.4833424076306856
0.3265800886162177 0.9956348392986254
0.632492652879864 0.80504437554741
0.06514045401222857 0.6886006205816992
0.9942830235685309 0.9826058915824712
0.0014587778463643897 0.8013438771106777
0.6603629676513867 0.8030832883694832
0.03510937457539087 0.007551569219108267
0.7318085191838787 0.07528370049526811
0.9601261808038478 0.42227093658345227
0.7321861461712258 0.3992785519145313
0.1842882998645351 0.7382273436736195
0.6998947235424376 0.33117807899979945
0.9184662707061048 0.6054361830733269
0.5670151963965914 0.7026771840872635
0.4393249313947758 0.19082652912322828
0.38581974104041983 0.7360440441764429
0.7664678729103881 0.5966167433164351
0.10812838118101464 0.0944503032245515
0.7200907353947783 0.020436683757331764
0.818216652647953 0.7897346564689834
0.3428891623046836 0.4916867297910258
0.12885233666863305 0.5660550515340027
0.31373421489128395 0.49143946512153525
0.4250690300808482 0.7694300573785591
0.7244651600915023 0.27949104361393007
0.3669211102018096 0.6554448699627965
0.02187238505205069 0.7350162893184045
0.07108825746930214 0.04240455497180151
0.14014189623852935 0.4416843262168044
0.36379357794324063 0.24845810422757564
0.9502556319326353 0.06571463895934826
0.4623853196556965 0.44667004740429306
0.9893586432749316 0.11768623247851107
0.9416598161241131 0.2166708468544789
0.10193686936259228 0.3608705418882582
0.10928781403675103 0.1508915746581666
0.402409240325316 0.5784076521716257
0.8981547033587489 0.9675099235196201
0.3822467274235323 0.04672850104838322
0.7151997735665354 0.7466462987799504
0.7220100615655906 0.35453653207377767
0.21479231996689718 0.7057926632175178
0.15939648833978914 0.94317388516755
0.6174079109805923 0.6918836846936625
0.3212693907646479 0.711320496752005
0.197280013095951 0.11234090819797715
0.7923725643326974 0.11989283773152948
0.4955293585461479 0.5712390572994808
0.6878583904773695 0.7289213585038196
0.530210987237852 0.7962349719150142
0.8132381261632515 0.1450557607706291
0.5276261407239026 0.5016010781314724
0.39116016510466356 0.3420097542274533
0.6289071104825551 0.3145766969259639
0.14187469913650586 0.8514906903437139
0.32268727968737243 0.7298401020111933
0.24409674000995196 0.534612747136847
0.6639379952076678 0.08079421171304435
0.8334816076749254 0.13036673723737324
0.21147474560911939 0.4817104261065531
0.209932793218779 0.06677829951469161
0.05753412953509118 0.08262539233583754
0.043334328596834615 0.8628542802195818
0.021667814948922892 0.5520099751428168
0.6140664592721864 0.5280331501698485
0.6714429291443614 0.2791048458385188
0.03788254143784342 0.11572732448334955
0.6424960762892172 0.33089231934763597
0.4080568672532846 0.9432361845749222
0.4655103831588021 0.02602887218865002
0.7653696829222376 0.7004878325068036
0.6407373058891471 0.851637547568747
0.9476164313885641 0.1171663433009853
0.7954574879251133 0.24248023051001832
0.03762335514342352 0.7207598437706921
0.11727990561869484 0.7904636665119003
0.9762081356979977 0.24418129867291627
0.5594679183053272 0.16429724815801428
0.8219239495879019 0.39692155118618533
0.7896209355175718 0.12284955606452153
0.6424577840226431 0.11655841823808255
0.8900848154454924 0.278898015453125
0.7231689491548297 0.16979953834841632
0.8578549495884022 0.7165909788836556
0.29552900340118304 0.7183463363354539
0.11814581805943025 0.5857723019790817
0.36225073897645677 0.06304178148062167
0.9282088218408067 0.5121057100132995
0.43099215616214237 0.4436109807156462
0.6627016728776407 0.38111424631478064
0.8224992122291884 0.11296229176785755
0.22445086996445196 0.7392276712742409
0.7657562797654511 0.5132884038472857
0.017590912104176515 0.9817048379670836
0.10048676011403379 0.8750874581195791
0.03458325517393501 0.7943219758515936
0.06756549366475273 0.3598595704479899
0.6473903734269599 0.765318452891124
0.29213264969168706 0.7469349184500024
0.1860436714212852 0.41966211582402224
0.2883446807257791 0.02507778840618946
0.6840340202535876 0.5298091525032037
0.9386908032298871 0.28986618470801373
0.22342935415479348 0.3678554675208021
0.37070245320519624 0.7221290940448819
0.07388173306163293 0.9478493774196052
0.9056665222381022 0.4165776751791491
0.7402957066538491 0.5742535508609168
0.16174343949582348 0.5655912920063361
0.9683772293092553 0.8820668743490918
0.3612208075150384 0.8417954687824544
0.4184782362482723 0.7323917137853924
0.2067478402764581 0.9079537206994228
0.8391711250084573 0.18953129875640873
0.9343343480482077 0.005648849406885703
0.7391719753133826 0.3550566962532119
0.3834172160555114 0.464249041229148
0.7345894415664161 0.29829781696464386
0.37416642514167664 0.2496667408769112
0.9612567186631178 0.8088864887453433
0.17793076936270835 0.6395278170332304
0.23771897089003613 0.596937584279118
0.9825064729228125 0.5267303096636405
0.5281058357358991 0.5594760339249496
0.22398244529149935 0.02619285713180375
0.6458270143915371 0.18387782697442667
0.5138978747901028 0.7675835924020208
0.9290521253585554 0.11094562898816807
0.9328956364897405 0.25283928695341984
0.4799033187113443 0.13989465863782802
0.08350942972461606 0.6016779424962433
0.3454266867259955 0.3430256100010951
0.9666042539998305 0.7181933620628428
0.8361028817583304 0.42903526139909365
0.9289870849495292 0.7591889551705628
0.6097288777734706 0.7927687754130025
0.34061642135097747 0.22894844028142292
0.03718488031895695 0.7943558865221847
0.41155428764770874 0.011782384214286346
0.1069970564685786 0.11700008747426238
0.10654894143093063 0.7426066523465124
0.5702617505081281 0.4301855589373722
0.8764817073207423 0.9300846379922022
0.6605387059079928 0.7808988762952244
0.723706464305516 0.7074137010236431
0.7554775170946306 0.2378956695229435
0.6790992970957564 0.4822992579964226
0.25700632326380957 0.6687798778273802
0.1800954484609688 0.7881632204355787
0.8219431750695508 0.34287872649075324
0.6944735141308248 0.7838722439697617
0.26072636851442654 0.7572591403962415
0.6730704313793252 0.6075047039015395
0.05363685510251637 0.58902357557795
0.40475611600856887 0.20534751993154987
0.029065246028115554 0.4225154025509792
0.1982144432617443 0.24624501213326155
0.8164519941162642 0.395802406233983
0.8223092228363628 0.6954788027048407
0.26054555504572563 0.5903347185225476
0.22565090560479661 0.3199745011307461
0.7035771352707515 0.7524033537413275
0.06826842213876749 0.6567727617831113
0.9492484752391929 0.7961345432955543
0.13550277397087873 0.8044491405101921
0.586758635838888 0.7745292294576943
0.7244257913932862 0.9973867527501246
0.8594984279407356 0.786045170824907
0.4766788643315055 0.38105560591401655
0.03744617757875801 0.030162243640502573
0.7958844171522228 0.7542315905517895
0.9824414439487309 0.2278382695946113
0.48344687217305005 0.576529637104946
0.9087134544310758 0.04762320535283682
0.7990682993038202 0.6435359670251268
0.8042751580479636 0.802301166586756
0.4725782091956904 0.6512357230366524
0.46103335495182673 0.8557703554032855
0.4978376013991691 0.7311380762715026
0.28090059196165107 0.1610735563871929
0.9830999697159619 0.04435469752693688
0.9232045391374043 0.12131346658060338
0.7581178153302017 0.9154678298308223
0.6446995320970007 0.531749956541228
0.5559712141008822 0.7451821507679828
0.34434744768035597 0.9213927193346041
0.2070618894063746 0.46520041591011174
0.4136922436116024 0.7866847541545766
0.7299748047551878 0.34594441546698496
0.10064840332321479 0.7831677620108918
0.8129975764456195 0.33281158027599655
0.3643724649270004 0.47673285141440935
0.12769302848298458 0.0018859907817220245
0.9024938706827001 0.42375682503700207
0.6145210907649218 0.09498230892349357
0.7279509872940404 0.6802687400135216
0.3983653510070636 0.19291879203834938
0.28230389133411193 0.9305026367031872
0.4224364640333643 0.840848302918157
0.5198764699454952 0.07288298081195654
0.7163171531829446 0.8863879592981847
0.9495711406421925 0.7501305358818073
0.5540739097875101 0.3516172622943109
0.3159158360934914 0.9308104633665439
0.6265729780905147 0.8881875708843876
0.3047242226898438 0.7065729262931777
0.2411735354512633 0.3930600586517802
0.0286529865495615 0.6863016021481163
0.26888612122076294 0.7744322378283021
0.4721877376099679 0.7935054338777936
0.6065225589820528 0.3583658071820752
0.2755173867027917 0.1768055051963454
0.0783534038399255 0.11441530463224026
0.0981562432371682 0.8722016650429151
0.6251592393818649 0.33832621842615995
0.7425358680459341 0.32834678348662505
0.9920538194661925 0.8036281697402938
0.7114494951398628 0.8313947291188809
0.9372720439240366 0.34902740670261156
0.5471867357583339 0.4735621589027862
0.48903849936054267 0.0807886187564929
0.8178785990083659 0.01745053458400525
0.8125327171538833 0.1341420989543255
0.4215845439148097 0.9461391242787266
0.5170338183210152 0.9819285643184414
0.23492110704758185 0.673721142500025
0.6563763160683671 0.10592538004562702
0.382889220195759 0.8499277088555645
0.47217432475886245 0.4041440669214422
0.7052284559021922 0.15767501636594294
0.33267277381451366 0.029319772634280428
0.5326249512347307 0.6024204443025798
0.5328560910324515 0.634500582870587
0.5735009354411976 0.21411107207244284
0.7339936821082603 0.0015016281430711986
0.1325358407346292 0.2776085850142711
0.6307714343585759 0.633288820037449
0.6066560925456211 0.6381123849281192
0.6867768814869081 0.17113286914589187
0.1311925827548589 0.8229647573164836
0.024683736247516408 0.7035252479884903
0.40598778417079273 0.9870545075618506
0.47636982293451935 0.8413940360254109
0.3991568216571153 0.21082526282429603
0.9854985735500537 0.5071474619219928
0.760985386179469 0.5380766995885301
0.37132004326493007 0.8611423781337304
0.9317788566767479 0.5250841230106768
0.29470973389498767 0.9255572019574635
0.37664474935340475 0.3097946017572787
0.8848477896050188 0.8543628044156532
0.6124242553190455 0.6465629587076793
0.9649126416041106 0.5731768510347965
0.18586176752958516 0.16222044127054114
0.6079292502637985 0.8778251360887223
0.2886958882901359 0.1773522942007546
0.6396652925150391 0.16278545804728106
0.17048177883622384 0.013515838426422677
0.748695088881697 0.052031304665576705
0.42272110635994875 0.4405813800567766
0.17688679290219178 0.7901112563535319
0.7737260042628373 0.9768112370036326
0.7826730779522942 0.2951416735678285
0.742992653956344 0.7012164899364125
0.24290644696686658 0.8427492183127009
0.9290582954676408 0.46668703698653624
0.9084160166693834 0.13478997398032588
0.682314382829713 0.1014533800835341
0.07648196064696888 0.6488332604411546
0.8868351761244125 0.009067669698589409
0.36932383520743084 0.3229532896553685
0.9018670694885089 0.29091348685514384
0.1338827291190915 0.4123830795541533
0.25629947177223456 0.4900296126745195
0.38227220783972427 0.14901268648243815
0.2711138477941737 0.6857804676765823
0.10440631186968696 0.967042756774473
0.30180139850731424 0.50181149746457
0.5332708431463038 0.0888761712894669
0.6162982225751458 0.33193362905181467
0.15547026985226087 0.06422380297828956
0.06716502508363198 0.006341673754804544
0.870523886663844 0.4179185739538075
0.8038193441524555 0.17691043408377283
0.236747899456905 0.6072544052364706
0.28781202125095773 0.42762551735090637
0.10009343653638791 0.7813335524249119
0.785157250941747 0.08932496591638828
0.5787121355636905 0.23110038141290223
0.8799907478276168 0.10802268643743984
0.5380336116757772 0.5286643415072826
0.9206813996046431 0.9550064082129209
0.36751178813281604 0.35540326749191753
0.8527717082446923 0.8977094894832247
0.5781009306681367 0.6799638311397773
0.10761018193121519 0.9669951398028069
0.5539989483099853 0.2083152309544356
0.8399192486722084 0.2638306735283614
0.9156861112925092 0.504257366039478
0.9284081899609086 0.6589685955002296
0.763987783275035 0.5187062976923976
0.7642976846867725 0.23780823526117845
0.959268210368306 0.18061357741074935
0.06425275001054331 0.6309249812708262
0.34643825073605505 0.1103290094934326
0.1739759965228459 0.10815478169566106
0.08988695445726647 0.005425558255655605
0.5434172050293793 0.37675769170626716
0.3773917245645083 0.92740470698676
0.24177323266829764 0.8200630583837902
0.529028871492496 0.015504892034619688
0.9632553563224898 0.7477388875762663
0.69235586883123 0.6963819247068832
0.6664779539206255 0.44789360556527413
0.17830164991603203 0.04635876161052788
0.5337198906339451 0.29773760384453374
0.9021308588055815 0.18812899372499325
0.5781019865187207 0.5856382573884807
0.3181015273527924 0.07880085088875666
0.5522008775466813 0.8506863658646466
0.9604846470348882 0.7090609432526136
0.7461049715886036 0.9430844543667728
0.14202224836164734 0.5551588271519657
0.44868244490170406 0.7878600975448038
0.38332700391089214 0.7831046279304177
0.054485949754301655 0.26495363607955424
0.5864815730539004 0.3529281993963118
0.4552799503133461 0.08901761802175101
0.05769715628423466 0.4377015119967923
0.037451746428707855 0.28907982699170987
0.7028634095234959 0.4959921246502589
0.7399379401715143 0.20075765697527692
0.9519833153095096 0.5621287767794662
0.9221549006264317 0.7681906267384511
0.19801538593198753 0.3401656448036089
0.4956357977783842 0.14779962035624294
0.09215333894382449 0.7973895866538956
0.006042580971957201 0.35904884799872183
0.3067604008793877 0.5333103855314462
0.2248574901162128 0.888813840621546
0.41802908265469807 0.7686780306074275
0.8847270764259644 0.3425105754417418
0.6050591282962909 0.16505966164909414
0.37257431775575467 0.855588646948252
0.6523487815251211 0.5271897407152112
0.65777990853776 0.6555885301427155
0.5290256427284736 0.8377903816378443
0.95353569017448 0.07280187564374563
0.7578231929298974 0.1226018080119321
0.1880061436733126 0.44012280046167884
0.9511333219625328 0.36212155241788757
0.43771739159556045 0.5262517702870873
0.02174258039296839 0.186834576784787
0.42292536555218474 0.518281695849348
0.8155296885896094 0.3587077057733007
0.7169506534583623 0.4448505444498132
0.40571868759329355 0.6753271625492605
0.3501533507064486 0.8191874692296449
0.9225408443390785 0.9379414236401036
0.13787321892016757 0.01324103878160987
0.7157240067652165 0.04447653582227251
0.9029066690442328 0.8800874142527585
0.4259374252631002 0.42409031843842715
0.920077344274022 0.2767150158759947
0.31095893850748013 0.5625704334458379
0.06839037564359751 0.0657692529438052
0.41798913372946955 0.29379809772763044
0.6938629960078704 0.23224970875943318
0.892421076628539 0.8493725652099621
0.9961651187048514 0.7308772794687911
0.32724379248190827 0.8050159789499881
0.5279039320684038 0.3252505038844197
0.5388604002161954 0.5964993835091271
0.5802144682076503 0.6074824187545629
0.4027371857656916 0.10511573695502285
0.10687290963073859 0.25503041034534046
0.6588907376789627 0.006104030403090266
0.5598971348599815 0.11531364891951734
0.33298638308935247 0.9946357673134273
0.6352486281583676 0.7736121069974113
0.5416686215432251 0.49304166957288587
0.609359867053424 0.7868645351765743
0.5594927654734637 0.5174699003508156
0.365340770967324 0.8190312733458887
0.6323475119856264 0.1615810778658393
0.18663591399966317 0.9395468527576297
0.8763081166472081 0.4963189115704151
0.9964256796809005 0.12620493968113977
0.08277646122916071 0.23658241927752832
0.9134958023690465 0.15008138594962417
0.8179493931315152 0.16617453729590492
0.46224740322197966 0.8165854278607982
0.08703976530249335 0.6736271380198449
0.8948915479623554 0.5013905394288047
0.4400613806771262 0.8764272596494228
0.40666190147776515 0.6501290696102262
0.41799581996106316 0.26148266496725536
0.4844490960114727 0.1181200055229138
0.7870468985808954 0.3026584038831176
0.13979060851834713 0.1060648423058973
0.7976558858459901 0.9473249777047683
0.33616206987719877 0.46003005477787273
0.9878470828235015 0.23548286722639156
0.9877924924294003 0.8356545119221547
0.45261057974957086 0.9458725506797758
0.2889208458058199 0.496947448999162
0.9908853885994712 0.5823249382510959
0.9539706209221699 0.508759355229748
0.5097995037582267 0.29145985676640285
0.9188436693832999 0.011254352179508986
0.3715769950009372 0.9641122735348269
0.19085829432002666 0.6222039015256653
0.7561353919591541 0.9779017760153293
0.7648587956089208 0.7116545510448622
0.05738771890637162 0.909392304434029
0.6816488588498028 0.7006264062026226
0.6356752943615901 0.697082584883477
0.7353643598562997 0.005699658018228693
0.0362509288480416 0.041308502494662225
0.18915686516781838 0.9026450572086295
0.11560265867669861 0.22803094105264865
0.2558615825398717 0.7277779412561046
0.6414731350590374 0.5359114851453662
0.9990341116195236 0.5538441969208401
0.09747334790184348 0.6453989512351761
0.9954495096669088 0.687680241543448
0.6260149636845929 0.06829374609560523
0.9237921047704393 0.9846713856646646
0.9191834651032482 0.05608260821154365
0.5738203361913917 0.11197246675928707
0.5533300661201745 0.277426887376247
0.16333822874977777 0.650746017342777
0.9873757684006664 0.3949376919251233
0.5992692696728453 0.048081818080449645
0.47650310506515914 0.8014998299976277
0.649640952184781 0.949864125146122
0.6180470182785163 0.35826380177637496
0.427867669741146 0.7987739351384082
0.9794552267806705 0.014633579244462291
0.37829847072721257 0.297985609273534
0.697921205935888 0.7907164060066669
0.23047004470356758 0.757663100789751
0.7750199958576288 0.47636445901235824
0.3555655102058456 0.4748327837559553
0.9322441994213277 0.40974085542955097
0.03195324896063623 0.06991264899722793
0.07058499545062003 0.07536889387483425
0.737606924991212 0.4042023630982957
0.302053415185489 0.3339129064413757
0.35598126780934247 0.8450714166565676
0.15608637547114235 0.569975058746682
0.25671941037701906 0.43558821475378906
0.8995570968221309 0.47832413580774014
0.919043511852739 0.4101092299497785
0.5377278566467589 0.6145094895780037
0.22198822406506113 0.9537408117978666
0.5622779768625455 0.9052431236059253
0.7789711907826082 0.7306179650623892
