0.7290940686130293 0.758667134621354
0.6822608766294973 0.044874045788196426
0.9503927605774591 0.040620622490295744
0.3271572589666598 0.698213063537847
0.8676707723144843 0.2668305998770897
0.7479728482118511 0.5428069678804505
0.8650268198291764 0.5583234817185952
0.9432778643532885 0.504117034542334
0.8325895501912849 0.6270244480002274
0.08229922303830361 0.9680697842326422
0.7382832186916883 0.7783167656725983
0.5881179877501069 0.9678174427945015
0.45338224295568286 0.7520061331360234
0.22364775535508907 0.029839220855218507
0.3750683177911156 0.0459473042739611
0.7026129853087867 0.767540175702974
0.015264508903254148 0.012379290364485707
0.8081150950597058 0.9549101940348694
0.17914268624528384 0.3364035136087743
0.4798068092109884 0.9926808171799535
0.2254913167732231 0.32603984179337386
0.6710969900884478 0.06720860526117223
0.9968763691656325 0.5192599495132906
0.7431096085780123 0.7897996822208235
0.5835074979360504 0.5710554187279943
0.607741079163531 0.9984368069342677
0.519617053325343 0.17325509741494638
0.9697678115899635 0.7754113529643204
0.9365527525607318 0.38036167295185686
0.8919204021351586 0.983984058652311
0.1527560153444426 0.4308432752469181
0.6454693924363198 0.07565638732741453
0.400621571459835 0.15802943508931544
0.6032940581205138 0.9861708364761805
0.69554244405352 0.7439793621212207
0.6240733290830013 0.16531633166328363
0.8912133498473845 0.13457225751865087
0.7868646458749625 0.3653726585492302
0.8606741305293106 0.3634322273973172
0.8189170171607576 0.08165642879311652
0.499831013506419 0.6364748667412784
0.5820767270662408 0.07869054971398892
0.031714179223709116 0.12044844431476376
0.11162848457777352 0.8854464854003848
0.6456169279333788 0.4796666558062338
0.3285220938215171 0.14799686461302952
0.7316193286565962 0.06162660740657111
0.9812523606880451 0.7617795971750575
0.41192049810408327 0.4154342487316903
0.27702825034453504 0.10626234265267975
0.6172142217787241 0.7415980423052592
0.02901132674514373 0.1022878210914473
0.3310538797048618 0.012729606116197334
0.15152198904476322 0.4943911169873867
0.39645136620844823 0.4995757510811928
0.43294580133843485 0.48041356605797547
0.2170144809495872 0.015163597905134218
0.005000313126097611 0.45662365922568093
0.5706787116739422 0.04763640824095339
0.3013336366121938 0.4558538022725023
0.39689978452826813 0.6594691256717077
0.041538150964451126 0.9991305007240928
0.4163117449531857 0.15640862509879716
0.48746304230086734 0.10864401556183267
0.19037219307289277 0.7293685741789518
0.5956755121044525 0.7364826990873383
0.35232944052771253 0.3218605961539375
0.3089277860049098 0.38848286254073605
0.5291728701153142 0.6402163637420337
0.3803616702180711 0.9265233592684455
0.21488219271869213 0.7180581181179992
0.6664524562956093 0.5650053325458485
0.4775598727935828 0.3697254475858942
0.3285832519422519 0.5336338014676911
0.9795914267280837 0.7020697887848188
0.7873452781145875 0.9040508032797719
0.24289879925471247 0.6831327909143963
0.9839972850458856 0.25518804803065465
0.6382990267885686 0.6876734358541905
0.18192789580599222 0.6838496530489576
0.5146635869635802 0.15724808771814647
0.9621584892835314 0.19033992646025044
0.17693865057453262 0.48383937067966853
0.3012235750125387 0.6016726496043404
0.7342579970403935 0.30363509035040726
0.8247193951209003 0.7505508167154187
0.33656881151681706 0.19591563186985583
0.5486624539803665 0.8346592797460577
0.35141215334061515 0.1508049610643365
0.7054056160716953 0.683780327876956
0.8268231797344008 0.2239803794045021
0.7980206217705412 0.46538644510258964
0.7862734725440743 0.03632414134949624
0.3999910155306654 0.16056836531557572
0.9219733220075841 0.924682430656547
0.7909387255387117 0.09355230893383626
0.6581201644511976 0.7794810599959215
0.1566087880456548 0.8051242915610297
0.8412694966773566 0.026362997473978855
0.2494271199261412 0.24193896335864007
0.11301263139323203 0.5505161999557545
0.23896889994844117 0.4327239928820076
0.2450128849485933 0.5651346347815634
0.5479472735677079 0.8038850461737321
0.3170113930067294 0.04009968252894991
0.39899883053489293 0.1485171424883185
0.37525904616434447 0.7218016861122163
0.310106645124788 0.9015477953391352
0.4096775068311719 0.08970069517296686
0.8715922689804969 0.1687496410934468
0.13614147450928038 0.3036134454941506
0.15575619505046834 0.5473448796997833
0.6571294082518501 0.28591870363893923
0.1613569378174714 0.48680686078085567
0.3085667054575677 0.08715204697466461
0.8592226297248202 0.01616191020304303
0.8237692552989873 0.6206280630570205
0.14571733613964566 0.2055260285925592
0.10774093908692706 0.1672847374491011
0.7687992625025895 0.8271569320673234
0.5172064956027577 0.4501609063865447
0.62190990502925 0.5244390396444288
0.9733192240815531 0.5271594229072317
0.6620233663397145 0.6013080515716536
0.377231615285036 0.3760046486837373
0.7679127153220487 0.2359397852865196
0.4394873697400524 0.4871956663583862
0.8272377712940477 0.8838318308758122
0.4513532146618384 0.17402700159128193
0.4777050983872674 0.7309051271023417
0.4690048621392586 0.4506890882888289
0.7300883798696134 0.3723558614451059
0.672154513548875 0.4985928706414099
0.666031852759494 0.9867320936479164
0.15663161177522578 0.798703154596419
0.17744189912149322 0.8257494926604102
0.4792051908257918 0.25913557317443414
0.6570053374365025 0.4264635778658846
0.25548862744306045 0.4968558896801163
0.06609853396431442 0.5487555908991021
0.3941119408973449 0.32968119340428725
0.4345225189546439 0.43351061975721583
0.5805678013252589 0.7029007697789657
0.07755862028597449 0.22562356769133363
0.6011549907666408 0.1855654710073017
0.7516371805136196 0.7298891789978267
0.733152317160314 0.44134833790873285
0.4276018292250259 0.8988955416249886
0.10101882929430583 0.5730318892004426
0.744009441514299 0.45240658565138714
0.11877686291001655 0.6363712297761213
0.1941997469065987 0.4825889587665857
0.2559084624342718 0.08347087882939785
0.5477735095910665 0.5962779850872145
0.30850096033579566 0.9025371408617945
0.5584076488638446 0.15512611368368534
0.21206661271087768 0.816158400918843
0.1389507473759769 0.6605766859791697
0.4890789224793035 0.08547922295655963
0.574233088664549 0.2013155208619899
0.8814648338116768 0.27121817793400516
0.7823219324263673 0.36089888489241406
0.5915659902934801 0.9945078377444829
0.3582958251640732 0.4897113641257991
0.6120187908898588 0.36804456415738274
0.5254816269535817 0.09811227797611788
0.24427803881547472 0.37614909282079034
0.4921237156249477 0.8465139480767816
0.07661038892787586 0.9388202789807626
0.026430650925913457 0.35698305635352157
0.5826420226557689 0.9626842436131762
0.8327081753893035 0.4203456231005651
0.5072842337049988 0.35543756859077436
0.5991619223806979 0.5193623932650202
0.9566101533641274 0.7897491431775397
0.7921464725268013 0.6372157546894635
0.4261542147625059 0.9047003124405077
0.10609223231736664 0.32726015715451773
0.25276475420720945 0.24126782982818729
0.9757136622542144 0.04019880514259344
0.07691693655861298 0.4547540392256476
0.160513530780803 0.8098217217266291
0.11000111507373411 0.9596480067937827
0.6865114145838754 0.7096627551145516
0.993956903572539 0.23931781199977709
0.1802977570350286 0.7590565981031439
0.39572867342998086 0.22874434090262563
0.6025433283387044 0.5632659729589933
0.02473824017915316 0.25199999027220354
0.37966318672830013 0.6937941541355975
0.23299517218530064 0.45386339119619956
0.4440042389559935 0.8596993344171784
0.7209997934927048 0.31401789434936456
0.7134438753955102 0.42569987322055514
0.561316744714542 0.23951095642910247
0.23855387102804748 0.2156562135556671
0.2413635563474278 0.49788467244510703
0.7001915204369599 0.07242569897262696
0.7628150544380191 0.38101816801224087
0.043536689075244106 0.22730691239324563
0.7668237108236612 0.1229251486928229
0.37330099449610477 0.8313696518546617
0.08246528067969061 0.38878664483135583
0.6732706052813597 0.4498916705694248
0.7810924204875126 0.6642886749144004
0.3696216255784902 0.07334901268494243
0.8471725090879378 0.11905340446212265
0.5810670841546117 0.8527334458010012
0.8920400285073209 0.7328247642661807
0.5022058927145139 0.5098864068552863
0.9729414615924542 0.23271166917467878
0.41113095168240477 0.9767437250545146
0.3881699508104558 0.3869669869694087
0.6811651218799358 0.6236434694571422
0.5441854660600958 0.7770627063889131
0.7674648283851189 0.7657671651617997
0.44555427039351925 0.9325248610744735
0.9398213933138408 0.12387847193760904
0.8771569674475381 0.677439936644577
0.7972066235330413 0.21565371122847832
0.9644682323359657 0.3434433242269499
0.9626584067425481 0.4823742418122391
0.5766721444575236 0.4969568104312828
0.37140253551630575 0.2313846946119399
0.2243659626315604 0.538433316091909
0.8480283412170061 0.5385938993998842
0.23959726528400982 0.23338414690301623
0.08268119895517534 0.3123076642489606
0.5777607833108681 0.7767197971056471
0.38249333063984725 0.5361977104821406
0.7873569639555765 0.9220396742988145
0.014227308317707466 0.823584487100531
0.4199228306634005 0.39907705032874397
0.5709814260590198 0.37438241865888555
0.24833524293277964 0.9898390100386668
0.3742294002670573 0.0942937664501553
0.3349100467427729 0.6530922345792002
0.37368529417185903 0.15526689168470365
0.48828223969136875 0.7671571994624176
0.9637500750271731 0.7409160882654612
0.3805317678767053 0.13492172380004308
0.10355898225060345 0.19336952514190942
0.23861004901829996 0.11714224166060294
0.6648120815454159 0.4174206474500346
0.6722064806832103 0.5566052375314737
0.1669234402694939 0.5556453431983503
0.7634189276726195 0.9768695631608606
0.582665424244033 0.15724131809698494
0.6197189745498402 0.27807664166227875
0.12700639440868622 0.6263958437064784
0.8502208276389394 0.8480279707121531
0.4559274702931043 0.8509661429067588
0.30431864312023715 0.9149083773951824
0.29409586329593007 0.6374400975679544
0.5086823542704566 0.5576734544810553
0.07663216588343913 0.2190534619240897
0.5055037469713539 0.1369797537677968
0.31688058133970787 0.25727441149971575
0.11019566209469056 0.6275972200192809
0.036513761033480696 0.32822006509574597
0.40110381720657284 0.7614519328226294
0.9855689464349223 0.84342379646555
0.051253233669392495 0.9222262882946788
0.7883052012040187 0.5616632571056213
0.25408484454532554 0.6488122004144573
0.18590684331519214 0.7172188551897326
0.09347931655515362 0.08470563498797568
0.716409265398346 0.729108711786793
0.5791536138726066 0.7793669916680394
0.7604285038217874 0.48184025151470644
0.7783982855799393 0.7180658156408841
0.23565772982044864 0.6068311516041696
0.5350024876619062 0.6908179014168557
0.7629218337826649 0.8969052352070827
0.8474988304046913 0.5541946800645358
0.09404608673990611 0.1954322636117366
0.5795415679322024 0.20951701363659447
0.6336205271240049 0.36748912533228206
0.9782300964127335 0.6185393605139261
0.12750020557775743 0.6371379442599449
0.6094698315693381 0.9375044050642753
0.7065748418814277 0.9868158437373716
0.5461069634237193 0.5835261448819589
0.555029989066721 0.6770224114561135
0.7027365410636458 0.38371661321289674
0.8259369084506468 0.03210328392741357
0.1995460191709093 0.8011735915137584
0.001281904458691474 0.2917812784560796
0.08936621583701099 0.7330509523000376
0.04692113408109033 0.8050921115928172
0.27119339255651265 0.7183483459333126
0.353372513916422 0.8418671309493785
0.577083137689517 0.2741078362912871
0.7409361173628579 0.7841753282787879
0.9273805649510237 0.5282054515430109
0.8904772505652805 0.2752629469223631
0.8962524372126326 0.3462448735201922
0.5267217259427437 0.31136434273014735
0.3745289092730437 0.8783791635894856
0.8567626116213721 0.10629588913684962
0.7516960319714354 0.40618500542742386
0.6440695405819257 0.9524508888523974
0.4451863849540042 0.6813743573298171
0.012596524343782112 0.5132872071323674
0.5013093410980926 0.17458309352237178
0.6794096012554389 0.9529945523057329
0.5987789521312349 0.9352479422138831
0.35368236358311733 0.5144729456182242
0.3573468428819935 0.5324480631026182
0.4533164703024778 0.12027757589874455
0.9915417357262065 0.3877212923895419
0.7420850601745559 0.2836961922580419
0.0025283254852411785 0.7756141353801813
0.9256901031656599 0.5057558750902141
0.45323957875431564 0.21256298783664984
0.21154854987164662 0.8342931926675081
0.2765812981364726 0.4535408686728555
0.016122524481057332 0.4067424736390336
0.9313019685125509 0.6001478964957752
0.9690519605359358 0.13280507500327632
0.8736993728132335 0.1901408506442036
0.4009442429824899 0.08220050178749694
0.14210726190756395 0.08479106227611721
0.8157824524965377 0.9942589099656925
0.2086025107800742 0.9670774073209742
0.9490792291966615 0.12146929254830319
0.34372816893325975 0.6757546382789952
0.16808795827356215 0.7214113312656989
0.9443948832281939 0.6172353083399412
0.8793738500268355 0.71083335411595
0.18453079824924734 0.8384226838015485
0.34819694995721706 0.27084738353294413
0.05381174408176859 0.6167480860257858
0.19333511359397004 0.7993568994725787
0.3750439864672509 0.7215197338712784
0.6093691774521669 0.9359919698001088
0.8704651078573451 0.09665402864848893
0.10954944838822034 0.00698749223020434
0.4027242326400594 0.7271577850969703
0.6999860077837634 0.16909108470607515
0.4554981216930367 0.4103126396486303
0.7073834902829824 0.7993195536068546
0.039475902919790196 0.04406500366030075
0.7974325519064115 0.06926358823521162
0.38051310076723366 0.8310558255420725
0.32667047186190734 0.30006420610290685
0.9992374240915561 0.14502542286875264
0.4433146215737006 0.5819695758324676
0.3085240624317509 0.9174874638857791
0.6642654976171868 0.4972373832862913
0.7359499592260129 0.8246766865401063
0.4621622577231508 0.529346735463469
0.5007970636875628 0.6221389561579984
0.6730721418978086 0.029385640571360727
0.3173999166725203 0.6312413139907331
0.032308011318908814 0.12790394864313714
0.22479298917039725 0.03504427105955532
0.22808641399517748 0.9809744402464832
0.5698867955629098 0.21578950461166002
0.9556525888613061 0.21522769885801296
0.5543429307373816 0.44786710752634096
0.7522857589769716 0.6861882082820101
0.3103639066060607 0.3771766089616835
0.6750425874866168 0.6212840703326241
0.6761907635622237 0.6638992557037134
0.4967127815414696 0.5045473717394319
0.04109308661220179 0.9138544982209431
0.08571202063520278 0.9445116061874977
0.7620478766152121 0.3731931216755877
0.5809597942976426 0.18582218871784018
0.9037409263900752 0.5810146402086712
0.4104086612199135 0.5883250308539948
0.014430985561854293 0.7313283631301456
0.9396983729688387 0.76018620601287
0.26461742267399224 0.10154087166985182
0.6489505180404058 0.5987178101337043
0.5493387255304695 0.0868550825860962
0.41629592692738204 0.1978022887841906
0.3682623258427432 0.8434113444437032
0.18104835810928466 0.3384343372744246
0.8028210624980329 0.28014277532463006
0.41833575470697926 0.23602117585107174
0.7212141833788512 0.3339763618380073
0.6103026502723766 0.28469019561468323
0.3148780648698599 0.23368924483624565
0.32688363438544366 0.12317115405743684
0.6998147229133047 0.2390703109766107
0.35348646669067174 0.7383860668959004
0.19708086658644164 0.4780755013464735
0.9019659325266881 0.3694195297642441
0.14683017977144885 0.444513496611581
0.3327933260788528 0.37452009926649177
0.45005728390725286 0.01245910476353862
0.1530690897111483 0.3474372542245687
0.3105477413307186 0.7844953735449558
0.42575839074031163 0.13682356605619073
0.5847014244588564 0.913997850775266
0.9660305008185625 0.7210778906944901
0.9843387318966115 0.9703258647358471
0.701855329419562 0.2810857086380586
0.11730623618541414 0.4443591132055865
0.6163652558001727 0.4983645776340986
0.01719528898177336 0.23585584089723166
0.45044764166497364 0.11109444299606919
0.9148611069084446 0.12731383588166523
0.744187892976453 0.8695251982385711
0.7780898953800744 0.1408982732307057
0.3709690471261503 0.6166187801260712
0.13019700244849963 0.8301420862299435
0.36870729698262483 0.8483012635582091
0.8972218715860579 0.3834266664777306
0.09719756255022838 0.24466592517032182
0.9394459243540111 0.9264923806877235
0.1985064816682095 0.10368818069017449
0.9800069115055752 0.008847655776069052
0.8851674073751469 0.2407508962845447
0.1743938127861997 0.541787200566501
0.6626526647255779 0.5626168148044329
0.652293026297834 0.7107671220992219
0.27067490257936444 0.17036873849240475
0.8711446204698042 0.26250467581201953
0.5374980235147023 0.8005277914083774
0.19578592928906235 0.36923494497105147
0.08245750480241842 0.5199475947087813
0.3946399266011881 0.29071958217405525
0.29967136707537256 0.9600885840394282
0.6717682589522498 0.3160499176538172
0.5892894574695052 0.784977137012751
0.4813360082015006 0.4016752319592113
0.09199926291059879 0.7681865592724257
0.28410901479704387 0.7081135948982151
0.58346680237173 0.5761209687589447
0.6964480024669535 0.4474778200292452
0.04206062919929432 0.6737455185620248
0.2436061455241315 0.34214183811495547
0.48181585898402846 0.9451566907475827
0.7685738638633549 0.4051798152539514
0.08448566588048578 0.8144313960349345
0.033006708346272506 0.31874507381486494
0.5647934413871262 0.7627765486099206
0.3323427712952898 0.3474148994081615
0.4755048150696356 0.12012122839702755
0.8612469576667532 0.39605376147652427
0.2837240283831576 0.4869951068704834
0.0396549159470706 0.5599334542851219
0.9634919905413483 0.8911151895998904
0.8058288973248351 0.4029546349282608
0.7690237277411462 0.8061729125830451
0.16746572328632026 0.24136788780331753
0.9467288536298618 0.16983046799969825
0.8925337686056461 0.14638656030869812
0.07539960764877074 0.03401224997090102
0.1936163348210035 0.6013791612765795
0.5756915254108482 0.6183585428163
0.15718803978247842 0.3309494884452461
0.33362744003820866 0.6214469843655835
0.5641656658541461 0.2562664320696696
0.9265774699440881 0.045943327002178846
0.7138482064428927 0.656304221908055
0.15222686991269752 0.44416665003609757
0.27985374062567003 0.0976143187441908
0.12003583591550449 0.04722107868204295
0.689471421972301 0.7332168486527704
0.5303289879667018 0.6075534884875038
0.6047331841838153 0.42876804961254233
0.035526550522718914 0.9146813909930414
0.1489327934225585 0.4957230162769741
0.6316408056347127 0.4224994245689686
0.8821212942075308 0.05444830357398234
0.8674513567505405 0.4720511109238954
0.8804844933250698 0.059187195241441004
0.9467795965630385 0.8342770068300323
0.5318245708239697 0.19256250441784517
0.8949917171311694 0.16959617342545363
0.06633276364983942 0.820793643710715
0.20665772124315218 0.8647024682436139
0.3484801020921622 0.01067532758815637
0.8860210007283995 0.5195247037604087
0.7093791720175383 0.6520818083880316
0.33312538072748665 0.8152859043627303
0.2782837415098949 0.48991652669745944
0.393676517998807 0.4870106091531441
0.7692028730244151 0.600239223154369
0.9426845987483299 0.08962893269829708
0.5343289073530921 0.00751107836620013
0.4713774950321541 0.11017431303129832
0.28840030568072317 0.1607661928614309
0.32443386054069545 0.6306039633597659
0.5285870518631358 0.15304367094581817
0.009577510121686728 0.5976823319076218
0.6247807699577685 0.9922055678516516
0.9334883321716848 0.31485169985263606
0.7107914994955327 0.3881339983825781
0.3103173416327466 0.6211506196543239
0.4764045499930182 0.8197428648225207
0.8713851312507177 0.972932623827291
0.646109320584537 0.01734587268969534
0.22612811422171986 0.9770467604237746
0.7155816872238643 0.4458348067158341
0.06860560763489787 0.09243765117121294
0.401499675327206 0.7690359049645675
0.2746266751858333 0.4581303882119775
0.9386611589251636 0.5166000875454017
0.5399234601998404 0.17967583972479495
0.33848422747199225 0.16443211763623944
0.42229655452303505 0.3806640074150741
0.5373963821833682 0.09014055994876846
0.8857348293726792 0.8554633576025821
0.5538664127894973 0.6220744692707816
0.9044448020840492 0.02947937334522166
0.24514370000480046 0.6523790628886232
0.34784876691764877 0.702692035091045
0.18515245123977686 0.5635411048957244
0.04808556385854135 0.8073072262686335
0.3896247440288628 0.3419064643669718
0.3425307550800253 0.3631415341542137
0.14863467300448807 0.26258058722106103
0.46243867456968335 0.4936100049234441
0.6380746972105831 0.35812919360716233
0.6785627028402585 0.790402432283002
0.24448634747985853 0.43052288400741034
0.08317440327876824 0.7602593595537114
0.46229465184542473 0.4959482978627894
0.35921545726704973 0.318366308255731
0.5085827339950324 0.6566308519420111
0.24907961320364125 0.0529680296916496
0.47668476007143956 0.9869930127876786
0.7058703182354679 0.8774986688231895
0.2985720712030966 0.14770087293032164
0.587241724477064 0.9892180465377131
0.9455870547136087 0.38218741229923703
0.558254113734663 0.6485958469022228
0.9688526419318724 0.8726794513606545
0.33579479127166145 0.6153017813759505
0.45465834113021386 0.6726376962122627
0.3671702950412078 0.6732743787430227
0.2019623885541978 0.6574682665557297
0.26940428508220715 0.7668530487429119
0.1294719595216488 0.035643833807729064
0.06555130391587816 0.5841753066044334
0.2686675034360093 0.3464703570381332
0.16646546768743276 0.5984759335766837
0.6899831249923938 0.34851252641142694
0.5609870305549978 0.3110890359567735
0.9732858347662944 0.023258933800663906
0.7547926626158314 0.9012354613944262
0.8654642265809432 0.1621579866026327
0.5893846428027909 0.6010360672489219
0.33206617510697933 0.9702072683117613
0.13586967200412492 0.7383356504924119
0.16816113794893173 0.9686300572541838
0.6058941621136956 0.828433061713994
0.1999439364390887 0.08289475286800163
0.8192278474799379 0.36031825327185996
0.09794976676048062 0.11888003804652192
0.3384067600815438 0.11770568404844273
0.9789399294608305 0.9385458064322671
0.699213699775593 0.499550022491525
0.3492300522241393 0.061445479745106724
0.043974312936438054 0.8526677580754601
0.4421317541617371 0.14750313262066506
0.9453596457235829 0.7182798749007255
0.3396496039619541 0.7569419492583744
0.7706162170679521 0.5891972485550995
0.37664138936660374 0.6630577520076298
0.9472645730830015 0.7402864098571124
0.1805904380305613 0.1605168064196012
0.7140282711530577 0.21153400952822488
0.005577413553437771 0.35779956253036416
0.6054513136818955 0.06320147787559649
0.7599643261930964 0.023154366832530582
0.027822673670795495 0.3877772033916822
0.10326774879089118 0.20313318701164318
0.8732138576801902 0.16872431071937777
0.29949199432936546 0.38923078071430317
0.3398816259605817 0.9197822990841146
0.3438763784262775 0.9894950513659094
0.8054443792399346 0.6739654783627094
0.019896420566065554 0.4646588757379867
0.4291239163283206 0.4359201094770455
0.9456771972755134 0.7590814139751011
0.009462185149243019 0.3531281552750124
0.16080550505765634 0.2806503569740375
0.9275199214677641 0.5482042786066662
0.07054722486460063 0.4484390143618705
0.78655334182492 0.758260646334268
0.9430890854594413 0.2418763626851158
0.0685397304333536 0.4791385321444048
0.19210078147663523 0.899341979481014
0.8946322113463345 0.3978978781288699
0.2742116135617567 0.7948513960016726
0.8084724178554262 0.28425124959760784
0.8860297827955735 0.1095033265745674
0.16435672318186056 0.8919760233324121
0.8056677237880161 0.026086831408943523
0.36408171687658963 0.481558479377177
0.7735941858938233 0.6798039310399255
0.2481269884835452 0.40295226719271315
0.8109876908085338 0.9951445388343413
0.16301552908697614 0.3901549788894372
0.48424771933720157 0.7666471247151521
0.4044080277219555 0.6061249931673669
0.16946021324484883 0.41750835134161024
0.736958431772168 0.440660939095709
0.7222604085397165 0.27286630304959303
0.28565044767393133 0.34555648203492206
0.31475810117260283 0.5809113776684033
0.1641421267195684 0.0939687676132942
0.5736163719212825 0.276121971379945
0.2755603129768963 0.7170315335785964
0.6708600860062853 0.7822461725566618
0.47456787811838863 0.24030964321206139
0.35221950579079464 0.3877762449704316
0.8367102052993043 0.81075256650442
0.23959466496014026 0.9177542876901759
0.11800615031462502 0.49353035425435543
0.5334584211626381 0.10167310866845403
0.2015138326818008 0.8165464825711679
0.8270459131045617 0.8838422893947462
0.015529458774865446 0.2844503261800714
0.29897021816757385 0.6271728346350209
0.3922410800129045 0.9320960194425209
0.19212010082262276 0.9457461866614401
0.4979657072973781 0.3517651840596042
0.1574760805006613 0.6441415019112937
0.998983546747403 0.9620389265366355
0.42449549978256507 0.8709058368245577
0.32792706829300344 0.08676394049073433
0.5886972983926735 0.11625884723277502
0.7640302688914452 0.38866881774358775
0.9909142679360609 0.868232166458529
0.30135092909321226 0.890604400522994
0.40048277161898027 0.3437687104654049
0.5303668676437806 0.6917432373561032
0.6417041899453965 0.8714954224793078
0.22818501182782547 0.900431342614449
0.3816284272606013 0.5558476639195357
0.4561197261551935 0.5286683594438814
0.703962932397016 0.4415977352324535
0.9391050452999706 0.23963907585691258
0.028193315718236245 0.4409361602667512
0.9333472550364971 0.21544950860211987
0.5355898523030461 0.08101077493366216
0.008885794928476853 0.27958641541392026
0.576925913521156 0.6067761851661304
0.20712998940141192 0.5871211588244558
0.05154238867466754 0.07955932760889284
0.1392259558998017 0.13011693348146636
0.006006214646328223 0.5241119122769817
0.838609458212301 0.6706620675991304
0.24310882044954352 0.8495753855781807
0.349383535810566 0.5676317021984758
0.94334932198706 0.7148302701616216
0.7096293612817608 0.040369395748828585
0.9551849838962791 0.47548303861783237
0.7061527025761616 0.87276048529467
0.45850780913850187 0.39032871484316267
0.32015338571939767 0.3656526961479851
0.44254738089581547 0.13440597795108167
0.5922238790893877 0.8791863909366882
0.5748908028227229 0.843100456119906
0.666157764017017 0.1971830277764508
0.2938840073015724 0.7185781325017606
0.485548108408675 0.9802230827769267
0.7585895403656732 0.6273289240829676
0.7203982892489009 0.7593214264365452
0.4271749589006453 0.381639372133166
0.7231627598588954 0.18980747531953313
0.6508512608054265 0.860946983292313
0.9125373942850453 0.9930777573541035
0.28056335621969763 0.7595034996907598
0.1916328734306857 0.4022174469845009
0.47729488838746514 0.4194495807021835
0.12712487033279418 0.1920016562274236
0.674439733217826 0.557803245813637
0.15527425657391014 0.37440466445646925
0.8672849001172998 0.43702366579892815
0.8275639927798254 0.9759238679871052
0.15842606393491288 0.908777527572137
0.6515283321868458 0.38282937207423506
0.892786417674137 0.09852631304717774
0.24710161125319718 0.9686632457611265
0.4759980811440466 0.49415014393653434
0.745083215491678 0.1672914477839872
0.6138048626345182 0.7706986593454163
0.4731246493093988 0.34583903695653284
0.3429013522376867 0.3185034440599235
0.8144696315737425 0.9302162401514695
0.2790174222156462 0.12779055679521945
0.6351969239660012 0.42943242219050903
0.737859879200198 0.4917556087392376
0.2402653801603144 0.6352267748520419
0.2934784207130996 0.3217633401956581
0.21237645909340874 0.788429227163477
0.8077467932574774 0.42310632580232843
0.5111270134120587 0.7910235007704087
0.3249044118861374 0.9944165478888711
0.5864305834273884 0.14089080916163732
0.2504284201720577 0.5801101979804494
0.9984341266398518 0.18079040022599646
0.5192172941961292 0.2655875067870097
0.4073879942077083 0.32154778229760417
0.26907091190166676 0.20313436256608342
0.5400581123541517 0.3723646163933213
0.27116367512422324 0.0022702598558377307
0.9224465054356584 0.9564223860584304
0.2542307864649249 0.4196152360061618
0.7794094860938988 0.2713683139693287
0.63990339141096 0.9977677198312251
0.43871441067531314 0.527658833553019
0.5674922094111022 0.35678824664637054
0.16249679528317706 0.6446309623416095
0.10972983056423058 0.40903007600133456
0.3448373295541006 0.8650234020276476
0.5916243566191978 0.8866364803619907
0.76353454220098 0.6023604265663585
0.846089703246455 0.5845773412217274
0.07346636268407902 0.11050821901100927
0.8903290596606317 0.4540155042775268
0.7307387417793407 0.3218781269955977
0.4176317843495456 0.5051864672354645
0.9686500069151687 0.2410538926988982
0.6749504659330289 0.7555022504983911
0.021820911802332477 0.9045646689883622
0.8734662756955087 0.1360796346473162
0.5542415367516242 0.3857644640264445
0.9044776625497425 0.4857494513907378
0.9222492321146153 0.6227187886383423
0.45411959450063744 0.9727960063931569
0.8259134900190354 0.37683009429970005
0.04421284766587197 0.1272316689357934
0.9214626914176157 0.17533066252529972
0.7957742966107488 0.08969765741559943
0.334148149216716 0.4902205127832058
0.10195951501937606 0.44677815807638466
0.08714978790290251 0.03627812459768953
0.9811074649814687 0.5029302443239267
0.2177746251190883 0.978666891994005
0.22743866592347317 0.13010724153210818
0.9121076758892895 0.07093080316625644
0.14447930787401064 0.38425465679403303
0.7084078637499339 0.783860043947012
0.9449297320352491 0.0601170548577582
0.7887475826497559 0.36059836514742094
0.7958615506633208 0.5033749999603487
0.6102386883171688 0.6375926391880201
0.06375925697117979 0.19614008060287058
0.23382679490523128 0.7425072904053194
0.44800216490597555 0.789264977977624
0.5288475708377735 0.6272294809784184
0.47954110410601347 0.8922377776145306
0.125372925190826 0.033257344170867564
0.8312712441788314 0.6177946449038204
0.8479553587391379 0.7456282215750648
0.8836047948160638 0.48453001057083467
0.9898711305609906 0.8509716583020704
0.3875644943503056 0.779750025044063
0.08504705426973536 0.6933078472580494
0.04804623709269795 0.44338251090233993
0.621942517028801 0.1493146991203832
0.7759879857737347 0.07314964845633132
0.9225690656108235 0.35178912579799404
0.32740288485669455 0.19497558251266645
0.7013490570444669 0.7568194361978682
0.5791356485512471 0.1549611843517622
0.2665907131865297 0.3577755539008679
0.19074083338403258 0.2954000598707792
0.4639050650311647 0.46849326801234203
0.001646515423854078 0.7786594239051795
0.29795419036235615 0.38129692022428974
0.26748598354508835 0.8194457512585364
0.874564045501674 0.9778082716598863
0.413829446018827 0.7675562155028429
0.8933287197292616 0.9022952879025102
0.7164708571045886 0.13475477685471104
0.026130140986811212 0.3446139183859013
0.041964959867826335 0.9336892598941214
0.1640113084512883 0.9425766395613476
0.1882052717348145 0.11110683389077358
0.3649730878323765 0.545518229277844
0.9962217475620343 0.23559327148692577
0.26717655072942914 0.7333317286316521
0.8043283017964614 0.9132472505241297
0.4192804667981168 0.9230847770712909
0.5173643149315906 0.5571618174155528
0.9955730977699487 0.1836923759538227
0.10617754180755845 0.13231868963328552
0.02460491155694522 0.4427682352365959
0.8545011527921221 0.8334874100173814
0.9779998622705167 0.5956128150130433
0.010001017949241131 0.4565152044909484
0.7124675152926617 0.5927587531317056
0.9988893189308751 0.3721738031110655
0.910370857271728 0.03935770204943234
0.8705205649471741 0.032680279315158045
0.14931173215567972 0.6362809671756974
0.9598524948850516 0.5553329923387591
0.016259757131360963 0.6443656925464328
0.8083251121550502 0.4459799005209101
0.6677605193257615 0.9425014787185544
0.7355727981176302 0.5025924851233662
0.3571239156632926 0.1806119313975273
0.6575709404797665 0.9375578186625296
0.5101730754008513 0.7869335618164096
0.4401143925792571 0.8439107472970204
0.0538972281372212 0.8908298325719992
0.8886156681009391 0.30181966811235783
0.7365174696160526 0.22493925920553393
0.462047994322366 0.10669570335707801
0.8494867118300753 0.28816172606931245
0.40080617052676004 0.6835595468242648
0.6168896583511405 0.7308591471668524
0.5689807442360371 0.12381586989287519
0.6899977984319765 0.5027006285059671
0.16475949417197222 0.53328322311099
0.5322166470784778 0.7468988085923761
0.6201280931611237 0.14567083083628374
0.9643464028418203 0.05952872057820846
0.6493910905849383 0.6781580776671206
0.01413055005833097 0.444772437279082
0.7467096778604276 0.12110848810945174
0.8919664218839637 0.5429576973294332
0.6804451000066712 0.44505141373459145
0.046381356334956325 0.026325572936248598
0.2425368813182388 0.18145695464146983
0.966010585942909 0.8682281954486842
0.8864719302197394 0.7247417626799297
0.5875512990104765 0.8242241591326509
0.3427487983235419 0.21634858276190083
0.04346083480010976 0.8377902192356705
0.07142141809286418 0.6715283301414815
0.9709413071665421 0.5896405854007037
0.8079426297569526 0.8745084772266627
0.5826248304658578 0.1480371649775829
0.10727392065833996 0.7138423770651844
0.4029688247338469 0.7636544264818599
0.24770150201779495 0.14376274004081935
0.4957910805357715 0.8624249104656053
0.856294462234608 0.7299305161196514
0.051317152467226124 0.21100538448723694
0.8889893258452899 0.9586450229777056
0.3734895959066099 0.46328017028482016
0.4079670473833633 0.8897813104358423
0.6107712705556239 0.7702676770094967
0.5649273824674746 0.030199177593895343
0.36579341359348283 0.5052123827873191
0.7381399863128834 0.09329315493333123
0.6090359608379118 0.6661117166567215
0.2954280275710156 0.2563601089313893
0.5780894189289619 0.9891019411042783
0.4396525045841988 0.39322613124648165
0.5027547222523726 0.8170891843812361
0.01669218769853409 0.15728070937476557
0.9763654885563251 0.8083545895789533
0.5854293664926419 0.023239054012628158
0.48346497780093445 0.5242148722093609
0.37535891511857133 0.6501896673366675
0.18460377565900643 0.7651415727986098
0.7622712686096617 0.7634112734738975
0.9052216323977376 0.2171638798156581
0.48222127533458314 0.6841222757704255
0.5307351315086618 0.22292624282867401
0.07768063177898732 0.8161468226026273
0.15074774570832228 0.5142581087321222
0.42951788568504645 0.3821197742667871
0.21710576965625605 0.453339544135149
0.011682049381579795 0.10590055325043879
0.6788371147772589 0.3519081098994785
0.622851092491037 0.15590282010872158
0.12017540811244198 0.01205717138201512
0.7325186304871041 0.41969312971598505
0.9510308249693021 0.8474432319858858
0.6521353221121353 0.14050887132904577
0.23912727282491797 0.11406122248716222
0.8477169552710335 0.9093082708503867
0.9356576288564897 0.3108106665968112
0.7226993388344074 0.6361028493819956
0.37304103376346787 0.6632154822040339
0.0844060607602235 0.5458606892249086
0.8220449319488364 0.6167558320081827
0.49994176637503573 0.9696108167095755
0.7052529719297638 0.8193452877634841
0.17598782305524974 0.6546861206794548
0.48176856521407607 0.9844039343218971
0.052824394388262474 0.8391158235299954
0.18610670375575866 0.2164274543180269
0.5259725746572185 0.7242772667332239
0.3105355939069242 0.37708060851877245
0.06904845686405248 0.5214716068669406
0.5377223580701971 0.9823249546948274
0.5211317656803086 0.0654249486053391
0.2761698929034502 0.14335289484911384
0.8509310722103782 0.929238494864483
0.14928928656387053 0.5752342726089218
0.8487364254695964 0.0686274371897001
0.017686178559340626 0.3772700073037869
0.6702528534203103 0.33604174503446016
0.8767779640081679 0.6319491746701617
0.394107196961635 0.38494368744270624
0.29422092517110854 0.8656495403412245
0.9358375244658366 0.13372386796211277
0.004543248542845935 0.3120129730979032
0.22330245235600132 0.16737813336252294
0.296662467005645 0.5867270212430051
0.6818518966530884 0.03769621565078862
0.6043688977117506 0.2850586495426328
0.23605999732570193 0.04169061102242311
0.4036836835499541 0.10593571906126409
0.1449676421237588 0.7450438427911033
0.22232204719295767 0.6415613359082569
0.4460068608774541 0.4326947585810281
0.7017210946744588 0.5063903467713989
0.08218406479484797 0.4093996228602754
0.6118050843760144 0.3109506216283021
0.9863490242238886 0.5244561601508482
0.07599348652477222 0.6631216644977265
0.09339591021975058 0.49485045330890354
0.9526770785209956 0.4601766388028643
0.41037026089954676 0.08800886897526905
0.1378600164931848 0.34926360359015407
0.1350439358280341 0.9660866372370608
0.18716998089902537 0.8137959437637123
0.18964767239543323 0.9554587589439456
0.4941155250400311 0.4608761269472823
0.5784313959553008 0.3574517817788455
0.7860732186418944 0.32899568740295104
0.12693925026931807 0.2907859502849941
0.4895188940422365 0.8677172014344612
0.22713117815724237 0.7911458940895479
0.6343211628991042 0.0886743944438747
0.6936647377522384 0.8536920095117683
0.7548839895795203 0.4102670966309476
0.8132445433438711 0.11419126842154825
0.43101751442558567 0.8664966019680896
0.07486610203034583 0.34506516963401035
0.3193724750825957 0.9382849684001917
0.731136828668066 0.5489556897593666
0.13934807373430758 0.639025186817502
0.6194519624415346 0.24251558887379043
0.9397993939663116 0.8932260517388618
0.059159479661554104 0.9399991976122837
0.5410646214901575 0.9382118112236003
0.6136536064557788 0.4367504241890462
0.5742270293438038 0.5185525072598515
0.5159586114017997 0.28129794674212183
0.7501824923449463 0.09214439714616485
0.647988857819202 0.688239557396536
0.04351257256903318 0.777132747875092
0.6313029323146115 0.02575265803686888
0.29461416807757634 0.5589345763454745
0.01741161356182419 0.7042016346791496
0.3301069866361589 0.13039126010185376
0.9442437963080275 0.6880763684814227
0.49872724316708583 0.3347587467630223
0.4851371154386236 0.5704063929365292
0.6457605640890279 0.1441585739621687
0.9905856635620119 0.41065797554100314
0.8713211311824218 0.9618856219547566
0.15425336228852726 0.6654854225059404
0.762844698116578 0.8751914624419508
0.9005541162007233 0.6528168075673052
0.32872473918158174 0.9562084160702039
0.9360281278556684 0.8823196551998006
0.3169701475757063 0.1753207049809441
0.050422120057450726 0.22265096960590314
0.9784076711021319 0.18474533408610772
0.72197195676905 0.7407315841994982
0.11555703070174472 0.2125049277072295
0.7133964570649725 0.5712705258522286
0.4239616795516207 0.17801098621259603
0.9354188774577249 0.5500439485823231
0.6254474097064584 0.3733611934266623
0.45527368549546887 0.2804394300139278
0.7869194573008522 0.7400630016534436
0.9914822727153585 0.7697743091625026
0.2748772755397195 0.9148216092952246
0.4617679593193522 0.9877244821931467
0.6083527485866367 0.6021133455917702
0.9587050572001572 0.7298553340296444
0.7553005745959952 0.769087595802625
0.5704602614268454 0.9081246303274285
0.8687647334003202 0.5860743651086622
0.02356841130890852 0.27749539310067917
0.6408455782276575 0.6585755823054464
0.6803088304483783 0.48220301912589714
0.5002941266291134 0.2622440733363829
0.6340610489807795 0.9529388510048695
0.3819920951279906 0.6769712355313707
0.9856878986792783 0.5431569381976022
0.33689617216424106 0.07285872137416594
0.5576136026681412 0.8692526677823637
0.5900634713091205 0.3064350428745781
0.145723418997042 0.5941582664280823
0.059460171375609994 0.3371692093361669
0.9032147561755293 0.11985700450138514
0.4450918224637458 0.6626988687401542
0.280587452137525 0.9268106060449395
0.7050569424603481 0.7374052388654768
0.8472598723323553 0.8649264378516763
0.8260666646102764 0.29195625343427456
